0.8601851590065053
0.8258190930064302
0.815151175003848
0.8195447969919769
0.8134919309959514
0.937691363011254
0.8760430949914735
0.8247649919940159
0.8205028529919218
0.8304119539970998
0.835353573987959
0.8441710500046611
0.851831157997367
0.814096343005076
0.8458353840105701
0.8430039619997842
0.8296662110078614
0.8085459800058743
0.8165900919993874
0.8223543119966052
0.8156511429988313
0.8071904100070242
0.8214605380053399
0.8126126220013248
0.8149549520021537
0.8286188030033372
0.8074935290060239
0.8134092199907172
0.822941473001265
0.8240775190060958
0.8069050060003065
0.8326442669931566
0.8434114819974639
0.8146974380069878
0.8269450000079814
0.8422569829999702
0.8276338430005126
0.8365667350008152
0.8484311350039206
0.7992162890004693
0.8156044339993969
0.828610779994051
0.8362871299905237
0.8218345040077111
0.8122701510001207
0.8049382099998184
0.8398094209987903
0.8331933430017671
0.8168969519902021
0.8679862980061444
0.886761790010496
0.9975221130007412
0.8735205400007544
0.8529933889949461
0.8734813519986346
0.9087302620027913
0.8600654620095156
0.8897072850086261
0.9437682450079592
0.9163896340032807
0.9105619839974679
0.8972440770012327
0.9158671680052066
1.0019514710002113
0.9371923250000691
0.9338510789966676
0.9210057759919437
0.937368052007514
0.9509350000007544
0.9764400189887965
0.9027604589937255
0.9183588349987986
0.8647212030045921
0.8317034689971479
0.8472345140035031
0.8626088669989258
0.8628242889972171
0.8389457250013947
0.8442322369955946
0.8034706089965766
0.8170385080011329
0.8211832149972906
0.8195880389976082
0.811232674997882
0.8135447980021127
0.8006464460049756
0.823882565004169
0.815251318999799
0.8108036259945948
0.8005457040126203
0.8005585509963566
0.8191680190066108
0.8238861900026677
0.8390208600030746
0.80447914400429
0.8196885819925228
0.812753510006587
0.8430403839884093
0.8244481089932378
0.8287157229933655
0.8090124209993519
0.8372574480017647
0.8187416209984804
0.8526366729929578
0.8148306560033234
1.0709281989984447
1.0130242970044492
0.9624295579997124
1.0317124199937098
1.02221969999664
0.8814477019914193
0.8020444439898711
0.8072754599998007
1.1218069530004868
0.9042670519993408
0.8782693740067771
0.992265763998148
0.855647438991582
0.839714333997108
1.0979403050005203
0.801137649003067
0.8134391450003022
0.804386458999943
0.9328184350015363
1.1929530480119865
1.0912808350112755
0.9096819900005357
0.9144297409948194
0.918953145010164
0.8933320220094174
0.8105679980071727
0.8466269089985872
0.8698604060045909
0.8791591420012992
0.8597897849977016
1.0227642499958165
1.0140043479914311
0.8717513130104635
0.9316123140015407
0.8326942660060013
0.8574882709945086
0.9194122810004046
0.9276800989900948
0.8596728069969686
0.9885580319969449
1.0832205539918505
0.8674482780043036
0.8405092699977104
1.080982514002244
0.9459594920044765
0.9728644999995595
0.9048363979964051
0.8869877280085348
0.877206937992014
0.9288390440051444
0.8572849590127589
0.8759535330027575
0.8900499239971396
1.0536222619994078
1.0634546249930281
0.8631879400054459
0.8458433510095347
0.884632753994083
0.8663722619967302
0.9829788360075327
0.9050951399985934
0.8635710430098698
0.8703720699995756
1.057839535002131
0.8509550870076055
0.913422889992944
0.8620037679938832
0.8619380089949118
0.8426354440016439
0.8543043700046837
0.8608366239932366
0.8802088780066697
0.8730897780042142
0.8390086730069015
0.8350387160026003
0.8846442149952054
0.8739971900067758
0.9219770190102281
0.865153921986348
0.8772704330040142
0.8939193890109891
0.8637984130036784
0.8650295929983258
0.8931332849897444
0.8481718359980732
0.884032941001351
0.9179961920017377
0.9337851340096677
1.1492405499884626
1.0509132049919572
0.9706672089960193
1.042537411005469
1.084197708987631
0.9468292960082181
0.8747664129914483
0.8786978470016038
0.8571000369993271
0.8425175349984784
0.8442382669891231
0.8803036390017951
0.8527474639995489
0.8662862360069994
0.9425938049971592
0.8537614050001139
0.8452593969996087
0.8808181320055155
0.9134594720089808
0.9145752970071044
0.9275058899947908
0.9063584730029106
0.9842214780073846
1.040753549998044
1.0237408469984075
0.8884068450133782
0.859848134990898
0.8465988350071711
0.8696041719958885
0.8470750720007345
0.8435421970061725
0.8822996729868464
0.8670070189982653
0.8895510519942036
0.8319999939994887
0.8472775289992569
0.827811668990762
0.8480820059921825
0.8799034670082619
0.882328523992328
0.8747895799897378
0.8527494279987877
0.8367410229984671
0.8619323249877198
0.8653978149959585
0.8515441380004631
0.8498706789978314
0.8496640009980183
0.8311773409950547
0.8409120910073398
0.8328909679985372
0.846584723010892
0.8669765869999537
0.8553150660009123
0.8461733659933088
0.8562766559916781
0.8677767859917367
0.8749154200049816
0.8569835520029301
0.851616991989431
0.8363022839912446
0.8387638569984119
0.8306094029976521
0.8433694419945823
0.8588064480136381
0.8673057069972856
0.8581659060000675
0.8461465970030986
0.8486418940010481
0.8378522449929733
0.8358639259968186
0.8394814070052234
0.8284718740032986
0.8439140520058572
0.8344314679998206
0.8526598780008499
0.8352568090049317
0.828092451003613
0.842374458006816
0.8261070509906858
0.8454228449991206
0.8265445290016942
0.8557060419989284
0.8412887250015046
0.8859061020048102
0.8859216740092961
0.8636328779975884
0.8813547799945809
1.133982729006675
1.097500358009711
1.0008401790109929
1.0616439059958793
1.1568238289910369
1.0945477969944477
0.879848555996432
0.8892921950027812
0.8930767150013708
0.8728049060009653
0.8966900870000245
0.8988724369992269
0.8661001690052217
0.8604905510001117
0.8770636869885493
0.8630444779992104
0.8470424159895629
0.8740189070085762
0.8832581379974727
0.8845059479936026
0.8526184460060904
0.8458913010108517
0.8340454179997323
0.876933334991918
1.010188244006713
0.8573713480000151
0.8604055160103599
0.9748145779885817
1.1306366189965047
0.9591211860097246
0.9366099070030032
0.8513332750007976
0.853306838995195
0.8351102829910815
0.8296279180067359
0.8535765240085311
0.8327888899948448
0.8471147569944151
0.8344420540088322
0.8660926509910496
0.8405400279880268
0.8415867790026823
0.8369386179983849
0.8435901140037458
0.846634339002776
0.848222596992855
0.8439281669998309
0.8394636420125607
0.8399088769947411
0.8372908649907913
0.8306606770056533
0.845044624991715
0.837173617008375
0.8328867660020478
0.8331795639969641
0.8424410489969887
0.8316910919966176
0.8439114770008018
0.8378005549893714
0.8367098089947831
0.8374068309931317
0.8492239290062571
0.8332072680059355
0.8292107559973374
0.8591382179874927
0.8405681029980769
0.8317456289951224
0.83680750100757
0.8508339890104253
0.8432527999975719
0.8379169550025836
0.8513919270044426
0.8486045120080234
0.8386989470018307
0.8374349709920352
0.8639189429959515
0.8749120029970072
0.8657758369954536
0.9054299729905324
0.8426984200050356
0.8470458139927359
0.871790734003298
0.8577312599954894
0.8374685710004997
0.8210239120089682
0.8372131990035996
0.8372343810042366
0.8358616290061036
0.8414279950084165
0.8381108569883509
0.8362783979973756
0.8471925409976393
0.8294585469993763
1.0302574969973648
1.0008981969876913
0.9987289870041423
0.9640483069961192
1.0177443620050326
0.9075651149905752
0.8488637449918315
0.8424001129897078
0.8393940430105431
0.8378502600098727
0.827057579997927
0.8435878559976118
0.841283118003048
0.8538325050030835
0.8335378289921209
0.8368663910077885
0.8519646260101581
0.8316073239984689
0.83940434899705
0.841006553004263
0.8316933040041476
0.8375464099954115
0.8400863380084047
0.8346815730037633
0.8416183149965946
0.8426157840003725
0.8348393659980502
0.8373479139991105
0.8445764310017694
0.8261512540047988
0.8443163829942932
0.8287416480015963
0.8512229879997903
0.8240582330035977
0.8352939560136292
0.8438256200024625
0.8351425720029511
0.8322310220100917
0.8293219339975622
0.8348191019904334
0.8433784880035091
0.8321230880101211
0.8284516540006734
0.8287096679996466
0.833564214000944
0.8327195949968882
0.8325189280003542
0.826071524003055
0.840667376993224
0.8347724839986768
0.8349028230004478
0.8293843020073837
0.8515815179998754
0.8360153999965405
0.8342348510050215
0.8403652060078457
0.8163083830004325
0.8284953120019054
0.8388272040028824
0.8269932440016419
0.8270410660043126
0.8233966500120005
0.9336064889939735
0.8387023879913613
0.8359747089998564
0.8400910640048096
0.8491659610008355
0.8349853770050686
0.8365339650044916
0.8379522890027147
0.8321179269987624
0.8237954530050047
0.8405982879921794
0.8318236109917052
0.8425452240044251
0.8352079210017109
0.8347591049969196
0.748257895000279
0.7295316270028707
0.7143675349943805
0.7136908569955267
0.7188614149927162
0.8310020310018444
0.835426218007342
0.8245043079950847
0.8340842850011541
0.8345738310017623
0.8259556099947076
0.82935727199947
1.0937670669954969
0.9960000830033096
0.9475509369949577
1.0801349870016566
1.061281971007702
0.9009337620082079
0.8489897179970285
0.8587326659908285
0.8358788170007756
0.8345721889927518
0.8354879800026538
0.8714546230039559
1.0091238530003466
0.8317199570010416
0.841752792999614
0.8305752479936928
0.8380933279986493
0.8376602890057256
0.8452629609964788
0.8328097099874867
0.8369698800088372
0.8392361409933073
0.8338613450032426
0.8443983990000561
0.8358289949974278
0.838829739994253
0.8310987290024059
0.8324787869933061
0.8335084540012758
0.8290652199939359
0.8329218569997465
0.8265085849998286
0.8357058230030816
0.8388462169968989
0.8368219980038702
0.8250517720007338
0.8409412270120811