16.35
0.762
0.748
0.759
0.764
0.747
0.757
0.784
0.743
0.747
1.019
0.797
1.537
0.75
1.525
0.747
1.508
0.743
1.175
0.751
1.519
0.746
1.53
0.747
1.624
0.765
1.328
0.746
1.388
0.755
1.419
0.769
1.375
0.746
1.418
0.746
1.459
0.751
1.353
0.753
1.18
0.751
1.441
0.751
2.017
0.75
1.433
0.763
1.441
0.748
1.262
0.756
1.041
0.749
1.413
0.752
1.402
0.75
1.394
0.749
16.214
0.844
0.75
0.765
0.755
0.747
0.751
0.782
0.755
0.744
1.022
0.798
1.539
0.746
1.525
0.746
1.508
0.748
1.175
0.749
1.516
0.748
1.53
0.748
1.625
0.773
1.319
0.746
1.387
0.747
1.428
0.766
1.378
0.746
1.415
0.75
1.457
0.752
1.354
0.752
1.181
0.752
1.439
0.752
2.016
0.753
1.432
0.772
1.432
0.751
1.259
0.749
1.048
0.75
1.412
0.755
1.397
0.75
1.394
0.752
1.446
0.755
1.413
0.785
1.441
0.759
1.332
0.762
1.344
0.75
1.207
0.762
1.407
0.757
1.401
0.756
1.343
0.752
1.658
0.748
1.648
0.748
1.657
0.757
1.347
0.761
1.346
0.77
1.51
0.753
1.335
0.747
1.901
0.754
1.297
0.752
1.257
0.754
1.317
0.756
1.558
0.749
1.612
0.75
1.278
0.754
1.228
0.76
1.453
0.753
1.367
0.751
1.448
0.752
1.487
0.746
1.604
0.751
1.285
0.756
1.444
0.755
1.413
0.773
1.452
0.753
1.34
0.76
1.342
0.75
1.211
0.758
1.409
0.758
1.399
0.759
1.342
0.75
1.66
0.745
1.65
0.748
1.659
0.757
1.345
0.76
1.346
0.763
1.516
0.749
1.316
0.771
1.909
0.747
1.296
0.754
1.256
0.756
1.316
0.755
1.56
0.747
1.612
0.748
1.28
0.75
1.243
0.75
1.452
0.753
1.367
0.753
1.443
0.754
1.485
0.749
1.582
0.771
1.286
0.757
1.347
0.751
1.346
0.762
1.399
0.758
1.449
0.754
1.279
0.756
1.388
0.749
1.239
0.722
1.669
0.758
1.295
0.743
1.249
0.732
1.317
0.776
1.241
0.752
1.413
0.756
1.113
0.758
1.509
0.753
1.428
0.756
1.45
0.763
1.22
0.758
1.369
0.757
1.273
0.769
1.155
0.749
1.592
0.762
1.382
0.753
1.206
0.76
1.294
0.758
1.272
0.764
1.333
0.759
1.47
0.757
1.421
0.78
1.305
0.763
1.323
0.773
1.346
0.766
1.396
0.756
1.448
0.754
1.28
0.753
1.39
0.752
1.21
0.747
1.671
0.756
1.337
0.702
1.23
0.764
1.302
0.753
1.267
0.753
1.412
0.765
1.105
0.76
1.506
0.754
1.426
0.756
1.45
0.769
1.216
0.791
1.336
0.752
1.276
0.758
1.164
0.752
1.59
0.767
1.376
0.754
1.208
0.757
1.297
0.762
1.268
0.765
1.335
0.757
1.469
0.759
1.419
0.782
1.307
0.763
1.484
0.768
1.272
0.796
1.19
0.757
1.466
0.748
1.27
0.759
1.27
0.753
1.328
0.747
1.182
0.747
1.175
0.748
1.437
0.75
1.351
0.748
1.589
0.749
1.273
0.745
1.424
0.752
1.244
0.749
1.495
0.759
1.442
0.756
1.434
0.755
1.303
0.755
1.291
0.758
1.183
0.752
1.367
0.754
1.322
0.75
1.577
0.743
1.204
0.751
1.333
0.746
1.515
0.747
1.255
0.742
1.379
0.748
1.456
0.754
1.504
0.748
1.27
0.777
1.208
0.755
1.467
0.75
1.266
0.753
1.281
0.754
1.325
0.746
1.184
0.746
1.175
0.749
1.438
0.748
1.35
0.747
1.592
0.75
1.271
0.744
1.427
0.749
1.247
0.746
1.498
0.754
1.445
0.753
1.436
0.755
1.305
0.753
1.291
0.756
1.156
0.779
1.369
0.753
1.261
0.809
1.491
0.828
1.167
0.785
1.242
0.843
1.302
0.955
1.223
0.771
1.383
0.748
1.456
0.754
1.302
0.748
1.903
0.748
1.512
0.752
1.504
0.754
1.254
0.752
1.213
0.746
1.41
0.747
1.318
0.746
1.447
0.748
1.293
0.747
1.263
0.749
1.524
0.744
1.433
0.748
1.282
0.746
1.566
0.748
1.251
0.75
1.315
0.752
1.396
0.751
1.506
0.75
1.476
0.75
1.455
0.756
1.475
0.747
1.625
0.749
1.2
0.754
1.549
0.749
1.212
0.755
1.351
0.754
1.393
0.752
1.564
0.749
1.323
0.741
1.304
0.747
1.895
0.755
1.512
0.754
1.504
0.753
1.256
0.748
1.214
0.746
1.409
0.748
1.315
0.77
1.428
0.746
1.293
0.748
1.264
0.747
1.523
0.746
1.434
0.746
1.283
0.748
1.359
0.954
1.138
0.862
1.171
0.897
1.395
0.753
1.506
0.746
1.479
0.749
1.457
0.751
1.48
0.745
1.626
0.747
1.2
0.754
1.55
0.75
1.213
0.756
1.351
0.757
1.389
0.752
1.119
1.193
0.803
1.262
1.419
0.741
2.113
0.749
1.461
0.743
1.24
0.746
1.332
0.753
1.433
0.743
1.361
0.742
1.513
0.743
1.395
0.749
1.219
0.754
1.546
0.758
1.349
0.751
1.311
0.751
1.299
0.75
1.223
0.75
1.367
0.761
1.158
0.748
1.368
0.761
1.353
0.76
1.34
0.74
1.289
0.743
1.376
0.745
1.58
0.749
1.549
0.75
1.224
0.748
1.258
0.756
1.177
0.761
1.434
0.775
1.357
0.751
1.22
0.747
0.913
1.247
1.122
1.741
0.748
1.453
0.75
1.237
0.75
1.337
0.748
1.427
0.753
1.35
0.76
1.528
0.709
1.43
0.749
1.19
0.749
1.562
0.746
1.379
0.748
1.285
0.748
1.303
0.75
1.224
0.748
1.368
0.754
1.164
0.737
1.378
0.746
1.361
0.736
1.363
0.737
1.296
0.738
1.394
0.75
1.562
0.747
1.555
0.748
1.218
0.738
1.284
0.747
1.189
0.746
1.491
0.746
1.331
0.736
1.26
1.441
0.75
1.412
0.754
1.473
0.755
1.212
0.746
1.201
0.745
1.423
0.748
1.246
0.747
1.611
0.741
1.253
0.745
1.252
0.744
1.34
0.751
1.398
0.741
1.416
0.753
1.44
0.752
1.716
0.741
1.153
0.747
1.577
0.756
1.439
0.749
1.227
0.748
1.277
0.748
1.504
0.747
1.341
0.74
1.158
0.755
1.183
0.743
1.171
0.752
1.203
0.752
1.419
0.768
1.409
0.756
1.655
0.75
1.423
0.742
0.75
1.414
0.736
1.432
0.746
1.499
0.748
1.189
0.746
1.203
0.741
1.43
0.747
1.242
0.757
1.599
0.747
1.264
0.725
1.26
0.749
1.335
0.754
1.392
0.756
1.398
0.736
1.469
0.737
1.721
0.748
1.15
0.748
1.584
0.749
1.43
0.757
1.227
0.753
1.273
0.747
1.493
0.741
1.345
0.748
1.169
0.746
1.181
0.748
1.178
0.746
1.207
0.746
1.407
0.778
1.432
0.747
1.649
0.737
1.428
1.592
0.742
1.288
0.745
1.275
0.747
1.302
0.747
1.264
0.757
1.539
0.727
1.358
0.747
1.231
0.756
1.31
0.756
1.342
0.745
1.32
0.751
1.773
0.746
1.541
0.745
1.316
0.747
1.318
0.75
1.454
0.753
1.128
0.746
1.45
0.75
1.253
0.745
1.654
0.774
1.276
0.749
1.382
0.754
1.493
0.766
1.262
0.751
1.366
0.743
1.354
0.76
1.463
0.744
1.299
0.749
1.242
0.755
1.202
0.744
0.759
1.575
0.752
1.282
0.778
1.246
0.749
1.298
0.748
1.254
0.763
1.524
0.751
1.345
0.742
1.254
0.748
1.315
0.736
1.353
0.78
1.292
0.736
1.797
0.755
1.513
0.749
1.318
0.752
1.313
0.748
1.456
0.751
1.13
0.752
1.447
0.739
1.255
0.754
1.66
0.759
1.283
0.736
1.399
0.742
1.523
0.739
1.27
0.752
1.359
0.757
1.346
0.761
1.457
0.764
1.283
0.752
1.236
0.753
1.204
1.609
0.745
1.405
0.769
1.482
0.764
1.317
0.749
1.446
0.75
1.295
0.769
1.1
0.747
1.442
0.74
1.178
0.741
1.362
0.741
1.201
0.743
1.36
0.743
1.236
0.741
1.633
0.743
1.304
0.742
1.661
0.743
1.511
0.757
1.434
0.743
1.54
0.749
1.28
0.752
1.243
0.747
1.23
0.742
1.388
0.747
1.389
0.751
1.465
0.754
1.273
0.753
1.721
0.745
1.267
0.746
1.259
0.75
1.426
0.743
0.756
1.598
0.747
1.392
0.778
1.49
0.755
1.322
0.751
1.445
0.748
1.305
0.759
1.101
0.748
1.432
0.748
1.176
0.747
1.358
0.737
1.204
0.753
1.353
0.737
1.241
0.76
1.638
0.736
1.287
0.748
1.658
0.737
1.529
0.749
1.429
0.748
1.543
0.752
1.285
0.755
1.23
0.746
1.228
0.747
1.384
0.75
1.391
0.746
1.473
0.748
1.275
0.747
1.722
0.748
1.264
0.737
1.271
0.737
1.434
1.263
0.747
1.68
0.748
1.337
0.763
1.205
0.741
1.373
0.741
1.342
0.743
1.306
0.743
1.328
0.741
1.196
0.745
1.686
0.758
1.474
0.767
1.635
0.753
1.276
0.74
1.413
0.742
1.295
0.741
1.197
0.742
1.522
0.746
1.145
0.741
1.317
0.742
1.328
0.741
1.302
0.742
1.221
0.741
1.434
0.76
1.355
0.743
1.416
0.744
1.191
0.742
1.505
0.746
1.309
0.744
1.519
0.741
1.342
0.761
0.746
1.262
0.749
1.681
0.748
1.34
0.755
1.205
0.748
1.364
0.756
1.327
0.749
1.301
0.751
1.318
0.754
1.187
0.738
1.744
0.741
1.445
0.763
1.65
0.739
1.271
0.76
1.394
0.759
1.278
0.769
1.169
0.743
1.526
0.75
1.137
0.747
1.309
0.754
1.317
0.751
1.293
0.755
1.206
0.771
1.405
0.748
1.373
0.736
1.418
0.754
1.178
0.75
1.502
0.783
1.267
0.752
1.512
0.753
1.329
1.406
0.741
1.391
0.741
1.445
0.757
1.203
0.743
1.467
0.753
1.157
0.748
1.14
0.743
1.141
0.742
1.214
0.844
1.091
0.791
1.524
0.791
1.514
0.872
1.179
0.741
1.232
0.889
1.214
0.801
1.362
0.801
1.185
0.805
1.21
0.877
1.398
0.786
1.273
0.742
1.36
0.766
1.213
0.753
1.314
0.757
1.097
0.754
1.104
0.897
1.058
1.072
1.056
1.156
1.019
0.921
1.072
0.854
1.104
1.642
0.766
1.399
0.786
1.346
0.746
1.443
0.752
1.211
0.747
1.467
0.743
1.165
0.736
1.149
0.75
1.133
0.757
1.301
0.752
1.131
0.753
1.562
0.736
1.65
0.749
1.172
0.746
1.376
0.747
1.267
0.747
1.416
0.746
1.243
0.754
1.335
0.745
1.441
0.746
1.266
0.753
1.385
0.745
1.21
0.753
1.316
0.748
1.115
0.751
1.242
0.748
1.38
0.747
1.467
0.75
1.188
0.749
1.179
0.747
1.998
0.747
1.228
0.748
1.347
0.94
1.203
0.971
1.104
0.817
1.377
0.752
1.42
0.755
1.43
0.754
1.314
0.751
1.289
0.747
1.229
0.749
1.606
0.752
1.306
0.749
1.41
0.75
1.295
0.754
1.265
0.753
1.254
0.752
1.291
0.746
1.465
0.753
1.276
0.749
1.575
0.753
1.445
0.756
1.206
0.759
1.276
0.753
1.274
0.744
1.19
0.757
1.301
0.755
1.558
0.745
1.409
0.756
1.393
0.749
1.538
0.749
1.228
0.749
1.346
0.739
1.405
0.785
1.291
0.758
1.435
0.753
1.419
0.753
1.431
0.754
1.315
0.751
1.287
0.75
1.227
0.75
1.605
0.757
1.297
0.754
1.41
0.75
1.297
0.751
1.264
0.755
1.255
0.75
1.291
0.749
1.466
0.757
1.269
0.75
1.575
0.78
1.418
0.762
1.211
0.749
1.277
0.761
1.253
0.755
1.191
0.755
1.3
0.756
1.556
0.748
1.411
0.751
1.398
0.749
1.536
0.751
1.512
0.752
1.217
0.762
1.428
0.764
1.258
0.758
1.312
0.748
1.257
0.746
1.279
0.75
1.259
0.749
1.283
0.747
1.404
0.746
1.296
0.749
1.346
0.741
1.302
0.757
1.483
0.748
1.277
0.746
1.145
0.751
1.275
0.742
1.251
0.75
1.623
0.753
1.288
0.743
1.32
0.754
1.733
0.749
1.607
0.772
1.526
0.74
1.573
0.753
1.477
0.747
1.313
0.752
1.244
0.751
1.128
0.749
1.473
0.753
1.511
0.752
1.216
0.752
1.439
0.779
1.246
0.754
1.314
0.75
1.254
0.749
1.277
0.75
1.259
0.756
1.275
0.75
1.401
0.75
1.295
0.751
1.323
0.761
1.282
0.764
1.495
0.751
1.273
0.75
1.145
0.749
1.248
0.769
1.251
0.748
1.628
0.749
1.266
0.763
1.323
0.751
1.709
0.774
1.633
0.746
1.517
0.75
1.573
0.752
1.474
0.749
1.311
0.755
1.243
0.761
1.118
0.749
1.472
0.748
1.273
0.749
1.21
0.742
1.407
0.755
1.395
0.749
1.545
0.746
1.32
0.749
1.166
0.749
1.388
0.755
1.278
0.753
1.096
0.749
1.307
0.747
1.237
0.748
1.249
0.749
1.365
0.749
1.397
0.749
1.298
0.751
1.364
0.752
1.432
0.751
1.558
0.761
1.458
0.757
1.097
0.754
1.168
0.745
1.448
0.755
1.429
0.756
1.323
0.753
1.293
0.764
1.374
0.77
1.279
0.758
1.295
0.76
1.526
0.749
1.273
0.75
1.185
0.765
1.414
0.748
1.396
0.75
1.542
0.751
1.316
0.754
1.162
0.749
1.394
0.751
1.281
0.749
1.096
0.748
1.306
0.749
1.237
0.749
1.248
0.749
1.366
0.749
1.398
0.747
1.301
0.748
1.366
0.753
1.432
0.749
1.562
0.758
1.459
0.755
1.098
0.757
1.162
0.749
1.448
0.755
1.429
0.756
1.321
0.755
1.291
0.764
1.376
0.769
1.282
0.756
1.295
0.761
1.527
0.753
1.278
0.771
1.122
0.761
1.419
0.762
1.386
0.768
1.419
0.751
1.53
0.76
1.351
0.756
1.308
0.752
1.711
0.753
1.512
0.747
1.352
0.751
1.195
0.795
1.31
0.749
1.366
0.758
1.483
0.759
1.177
0.793
1.241
0.751
1.45
0.768
1.137
0.762
1.252
0.773
1.504
0.753
1.363
0.77
1.471
0.759
1.724
0.75
1.291
0.756
1.173
0.756
1.383
0.769
1.579
0.756
1.299
0.755
1.232
0.753
1.282
0.771
1.119
0.765
1.416
0.762
1.402
0.736
1.44
0.746
1.531
0.755
1.364
0.755
1.303
0.752
1.711
0.754
1.51
0.749
1.352
0.748
1.198
0.772
1.333
0.754
1.361
0.756
1.483
0.76
1.175
0.808
1.226
0.751
1.452
0.909
0.998
0.762
1.251
0.794
1.482
0.758
1.358
0.773
1.47
0.756
1.74
0.735
1.292
0.754
1.171
0.754
1.389
0.764
1.583
0.756
1.296
0.75
1.235
0.76
1.363
0.761
1.591
0.749
1.259
0.757
1.192
0.762
1.526
0.763
1.368
0.763
1.24
0.764
1.213
0.755
1.493
0.754
1.404
0.755
1.212
0.754
1.519
0.768
1.343
0.794
1.229
0.754
1.322
0.772
1.332
0.76
1.546
0.78
1.256
0.751
1.272
0.766
1.514
0.739
1.274
0.753
1.359
0.75
1.473
0.755
1.32
0.744
1.217
0.757
1.384
0.75
1.507
0.752
1.382
0.744
1.249
0.752
1.193
0.743
1.376
0.758
1.595
0.751
1.259
0.759
1.191
0.754
1.534
0.781
1.346
0.788
1.216
0.79
1.187
0.758
1.49
0.755
1.404
0.754
1.21
0.757
1.52
0.766
1.344
0.756
1.27
0.752
1.322
0.769
1.339
0.755
1.548
0.759
1.275
0.754
1.269
0.746
1.519
0.756
1.273
0.752
1.363
0.749
1.474
0.755
1.298
0.767
1.215
0.761
1.379
0.748
1.507
0.752
1.356
0.781
1.237
0.764
1.184
0.751
1.371
0.751
1.828
0.782
1.542
0.751
1.239
0.78
1.313
0.758
1.534
0.758
1.418
0.762
1.407
0.761
1.79
0.748
1.258
0.757
1.45
0.77
1.285
0.768
1.25
0.768
1.386
0.745
1.402
0.779
1.146
0.751
1.074
0.747
1.281
0.747
1.555
0.744
1.422
0.746
1.497
0.752
1.243
0.747
1.578
0.746
1.056
0.747
1.2
0.751
1.569
0.753
1.461
0.755
1.212
0.751
1.224
0.749
1.154
0.748
1.376
0.748
1.828
0.777
1.545
0.752
1.239
0.788
1.309
0.753
1.536
0.759
1.418
0.761
1.41
0.781
1.774
0.743
1.257
0.761
1.445
0.771
1.285
0.753
1.265
0.747
1.404
0.75
1.401
0.748
1.178
0.749
1.075
0.749
1.28
0.747
1.548
0.751
1.42
0.751
1.497
0.748
1.244
0.747
1.577
0.748
1.054
0.748
1.201
0.749
1.572
0.749
1.468
0.748
1.214
0.748
1.226
0.751
1.156
0.824
1.455
0.749
1.349
0.748
1.413
0.748
1.527
0.744
1.429
0.739
1.488
0.762
1.254
0.746
1.363
0.748
1.2
0.818
1.209
0.801
1.241
0.953
1.088
0.916
1.186
0.981
1.139
0.827
1.431
0.778
1.419
0.768
1.266
0.772
1.378
0.834
1.246
0.761
1.403
0.763
1.266
0.764
1.624
0.75
1.231
0.748
1.359
0.75
1.443
0.753
1.242
0.754
1.367
0.758
1.286
0.764
1.071
0.8
1.278
0.744
1.527
0.749
1.349
0.75
1.411
0.749
1.515
0.757
1.41
0.757
1.496
0.742
1.262
0.746
1.367
0.749
1.2
0.743
1.284
0.741
1.301
0.745
1.295
0.746
1.356
0.745
1.375
0.742
1.517
0.743
1.454
0.746
1.285
0.74
1.413
0.745
1.335
0.74
1.426
0.74
1.289
0.74
1.649
0.749
1.23
0.748
1.361
0.747
1.442
0.758
1.239
0.754
1.369
0.758
1.288
0.777
1.056
0.752
1.325
0.778
1.481
0.756
1.368
0.75
1.522
0.749
1.691
0.756
1.338
0.76
1.545
0.755
1.309
0.758
1.512
0.749
1.266
0.754
1.475
0.755
1.225
0.752
1.208
0.752
1.347
0.749
1.557
0.766
1.498
0.747
1.409
0.746
1.18
0.756
1.752
0.748
1.708
0.748
1.274
0.752
1.374
0.758
1.281
0.752
1.418
0.745
1.451
0.753
1.364
0.755
1.39
0.75
1.47
0.763
1.353
0.76
1.253
0.775
1.173
0.753
1.504
0.76
1.365
0.753
1.519
0.748
1.692
0.756
1.344
0.754
1.546
0.753
1.31
0.774
1.497
0.75
1.263
0.758
1.473
0.752
1.223
0.753
1.211
0.752
1.345
0.75
1.554
0.768
1.496
0.748
1.382
0.772
1.181
0.758
1.712
0.787
1.707
0.749
1.272
0.752
1.378
0.744
1.293
0.75
1.412
0.752
1.452
0.753
1.364
0.754
1.391
0.774
1.454
0.766
1.35
0.76
1.25
0.747
1.197
0.751
1.265
0.753
1.312
0.749
1.302
0.751
1.214
0.754
1.09
0.749
1.403
0.751
1.255
0.75
1.173
1.178
1.017
1.021
0.864
1.42
0.755
1.39
0.75
1.433
0.735
1.393
0.748
1.365
0.727
1.134
0.97
1.104
0.819
1.172
1.024
1.101
1.306
0.962
1.216
0.754
1.098
0.914
1.044
0.964
1.288
0.964
1.194
0.904
1.337
0.762
1.307
0.745
1.504
0.755
1.172
1.036
1.014
1.215
0.908
0.749
1.266
0.754
1.312
0.748
1.304
0.751
1.212
0.753
1.091
0.751
1.402
0.75
1.257
0.749
1.61
0.742
1.298
0.739
1.544
0.761
1.384
0.749
1.426
0.749
1.379
0.751
1.341
0.754
1.132
0.749
1.324
0.761
1.226
0.767
1.365
0.744
1.526
0.743
1.215
0.755
1.257
0.753
1.268
0.744
1.506
0.743
1.355
0.745
1.335
0.755
1.316
0.756
1.492
0.755
1.471
0.739
1.483
0.745
1.546
1.381
0.767
1.368
0.738
1.453
0.772
1.651
0.748
1.32
0.743
1.313
0.769
1.392
0.744
1.339
0.745
1.293
0.767
1.38
0.759
1.235
0.751
1.256
0.742
1.539
0.746
1.536
0.748
1.28
0.746
1.747
0.744
1.399
0.751
1.393
0.746
1.329
0.745
1.268
0.749
1.15
0.745
1.401
0.748
1.195
0.751
1.273
0.747
1.128
0.739
1.204
0.748
1.24
0.746
1.187
0.737
1.255
0.749
1.247
0.764
0.744
1.389
0.746
1.438
0.75
1.686
0.739
1.315
0.75
1.307
0.778
1.384
0.758
1.327
0.75
1.297
0.761
1.37
0.77
1.236
0.748
1.255
0.748
1.532
0.76
1.519
0.752
1.27
0.752
1.757
0.753
1.388
0.761
1.382
0.745
1.316
0.753
1.238
0.752
1.172
0.755
1.389
0.761
1.201
0.745
1.268
0.748
1.13
0.747
1.198
0.742
1.243
0.748
1.183
0.747
1.23
0.762
1.234
0.781
1.297
1.309
0.745
1.311
0.725
1.309
0.765
1.6
0.751
1.553
0.749
1.068
0.746
1.377
0.747
1.192
0.766
1.305
0.748
1.251
0.781
1.34
0.776
1.214
0.793
1.463
0.945
0.968
1.241
0.887
1.111
1.109
0.873
1.186
0.851
1.285
0.805
1.424
0.745
1.256
0.748
1.282
0.745
1.22
0.747
1.293
0.776
1.313
0.734
1.322
0.905
1.015
1.041
0.929
1.115
1.082
1.112
0.933
1.259
0.737
1.065
0.756
1.298
0.746
1.296
0.75
1.617
0.749
1.553
0.749
1.075
0.743
1.382
0.743
1.205
0.756
1.308
0.742
1.257
0.743
1.378
0.741
1.254
0.753
1.497
0.743
1.177
0.763
1.358
0.741
1.477
0.74
1.319
0.745
1.387
0.75
1.483
0.745
1.256
0.743
1.288
0.742
1.222
0.742
1.273
0.74
1.374
0.741
1.331
0.725
1.189
0.76
1.211
0.897
1.297
0.771
1.265
0.741
1.167
0.849
1.175
1.222
0.976
1.044
0.906
1.165
0.937
1.026
1.196
0.996
0.96
1.076
0.997
1.058
0.98
1.05
0.983
0.915
1.136
0.934
1.36
0.795
1.525
0.763
1.382
0.741
1.264
0.764
1.181
0.768
1.375
0.742
1.334
0.75
1.691
0.752
1.315
0.754
1.363
0.756
1.26
0.741
1.277
0.744
1.336
0.74
1.374
0.752
1.461
0.75
1.423
0.752
1.203
0.963
1.052
1.202
0.935
1.094
0.934
1.368
0.761
0.871
1.259
0.927
1.097
0.865
1.225
0.876
1.09
1.131
1.056
0.901
1.147
0.914
1.139
0.912
1.129
0.9
1.131
0.91
1.562
0.74
1.583
0.744
1.394
0.749
1.262
0.739
1.207
0.747
1.186
0.953
1.068
1.013
1.039
1.404
0.745
1.324
0.758
1.362
0.766
1.236
0.926
1.095
1.064
1.014
1.377
0.749
1.462
0.749
1.424
0.75
1.204
0.739
1.276
0.737
1.4
0.748
1.279
0.748
1.38
0.747
1.28
0.757
1.67
0.745
1.564
0.765
1.074
0.754
1.306
0.776
1.382
0.747
1.275
0.767
1.211
1.066
0.903
1.113
1.153
0.804
1.078
0.851
1.228
0.877
1.085
1.129
1.042
0.815
1.496
0.75
1.173
0.747
1.234
0.75
1.146
0.791
1.096
0.884
1.155
0.953
1.207
0.862
1.304
0.873
1.034
1.01
0.883
1.191
1.054
0.982
1.11
1.053
0.941
1.034
0.897
1.447
0.832
1.281
0.954
1.269
0.757
1.66
0.765
1.525
0.778
1.107
0.761
1.283
0.798
1.342
0.755
1.29
0.787
1.178
0.834
1.167
0.75
1.482
0.793
1.1
0.851
1.229
0.903
1.043
1.157
0.783
1.079
0.886
1.362
0.734
1.199
0.722
1.232
0.751
1.145
0.791
1.202
0.838
1.268
1.223
0.837
1.136
0.959
1.066
0.924
0.978
1.199
0.861
1.134
0.993
1.093
0.943
1.155
0.818
1.321
1.023
1.134
0.979
1.291
0.931
1.456
0.788
1.263
1.227
0.758
1.686
0.747
1.304
0.753
1.732
0.746
1.265
0.747
1.565
0.75
1.249
0.751
1.42
0.752
1.293
0.762
1.52
0.754
1.487
0.756
1.27
0.755
1.49
0.753
1.386
0.759
1.262
0.771
1.204
0.758
1.254
0.748
1.149
0.744
1.128
0.746
1.144
0.75
1.152
0.746
1.357
0.78
1.666
0.74
1.338
0.742
1.2
0.739
1.518
0.76
1.312
0.766
1.331
0.757
1.266
0.769
1.484
0.737
1.74
0.74
1.708
0.748
1.303
0.75
1.733
0.749
1.265
0.746
1.566
0.766
1.235
0.748
1.42
0.749
1.293
0.748
1.532
0.753
1.488
0.754
1.274
0.756
1.487
0.756
1.384
0.764
1.258
0.757
1.22
0.754
1.258
0.747
1.145
0.747
1.128
0.747
1.144
0.749
1.151
0.746
1.391
0.747
1.367
1.04
0.912
1.167
0.768
1.173
1.299
0.95
1.16
0.911
1.209
0.891
1.345
0.787
1.234
0.76
1.344
1.092
0.972
1.083
0.939
1.085
1.132
1.043
0.881
1.156
1.235
0.972
1.002
0.908
0.983
1.054
0.903
1.27
0.835
1.225
0.801
1.104
0.98
1.217
0.91
0.96
0.963
0.894
1.445
0.758
1.288
0.761
1.518
0.744
1.332
0.758
1.478
0.754
1.282
0.754
1.299
0.751
1.776
0.753
1.305
0.75
1.331
0.757
1.246
0.743
1.364
0.743
1.33
0.747
1.362
0.742
1.18
0.923
1.286
0.755
1.349
0.745
1.317
0.748
1.276
0.746
1.47
0.747
1.18
0.744
1.646
0.736
1.236
0.737
1.154
0.746
1.213
0.747
1.355
0.736
1.29
0.734
1.335
0.762
1.381
0.738
1.185
0.737
1.336
1.004
1.311
0.742
1.53
0.752
1.331
0.745
1.493
0.752
1.283
0.753
1.281
0.769
1.781
0.749
1.294
0.761
1.332
0.769
1.067
0.907
1.202
0.906
1.209
0.87
1.057
1.045
1.524
0.755
1.622
0.746
1.239
0.748
1.357
0.759
1.505
0.743
1.438
0.747
1.387
0.748
1.239
0.743
1.137
0.741
1.154
0.74
1.532
0.743
1.349
0.743
1.322
0.732
1.325
0.86
1.305
0.795
1.427
0.725
1.403
0.762
1.623
0.743
1.393
0.743
1.309
0.741
1.257
0.742
1.558
0.754
1.54
0.752
1.588
0.75
1.345
0.75
1.304
0.766
1.571
0.781
1.368
0.781
1.171
0.762
1.245
0.755
1.138
1.137
0.782
1.591
0.736
1.252
0.75
1.34
1.016
1.256
0.918
1.267
1.007
1.132
0.853
1.125
0.916
0.964
1.054
0.841
1.448
0.826
1.193
0.897
1.309
0.746
1.325
0.742
1.422
0.739
1.256
0.949
1.405
0.74
1.208
1.18
0.956
1.18
1.025
1.025
1.154
0.848
1.559
0.754
1.538
0.752
1.59
0.751
1.343
0.75
1.304
0.766
1.592
0.731
1.398
0.789
1.162
0.773
1.235
0.758
1.299
0.75
1.57
0.755
1.4
0.754
1.581
0.754
1.435
0.755
1.304
0.755
1.472
0.754
1.173
0.75
1.336
0.75
1.231
0.751
1.305
0.748
1.391
0.749
1.271
0.745
1.234
0.748
1.088
0.756
1.288
0.751
1.313
0.759
1.104
0.754
1.342
0.765
1.272
0.748
1.348
0.747
1.2
0.885
1.378
0.758
1.704
0.755
1.289
0.768
1.191
0.812
1.107
0.782
1.21
0.771
1.465
0.759
1.554
0.749
1.298
0.746
1.57
0.791
1.363
0.761
1.575
0.755
1.436
0.757
1.305
0.752
1.474
0.757
1.169
0.751
1.336
0.749
1.235
0.748
1.305
0.746
1.392
0.748
1.236
0.779
1.235
0.749
1.089
0.75
1.295
0.748
1.324
0.74
1.113
0.754
1.341
0.751
1.304
0.732
1.347
0.748
1.201
0.741
1.521
0.738
1.723
0.735
1.31
0.739
1.222
0.74
1.125
0.787
1.193
0.795
1.504
0.739
1.576
0.75
1.398
0.754
1.191
0.761
1.368
0.879
1.335
0.75
1.307
0.753
1.329
0.955
0.953
1.113
1.348
0.832
1.016
0.755
1.179
0.754
1.522
0.741
1.417
0.74
1.604
0.755
1.216
0.741
1.172
0.741
1.386
0.741
1.316
0.74
1.474
0.741
1.317
0.74
1.631
0.742
1.31
0.745
1.497
0.74
1.31
0.74
1.449
0.754
1.608
0.755
1.363
0.753
1.248
0.771
1.262
0.755
1.671
0.753
1.191
0.778
1.394
0.743
1.202
0.743
1.389
0.746
1.452
0.753
1.184
0.897
1.163
0.911
1.125
0.78
1.091
1.356
0.834
1.009
1.097
0.837
1.111
1.176
1.043
1.114
0.846
1.505
0.77
1.193
0.832
1.082
0.779
1.347
0.769
1.29
0.778
1.436
0.781
1.275
1.076
1.296
0.819
1.234
1.186
1.052
1.135
0.916
1.449
0.757
1.292
1.067
1.365
0.753
1.249
0.764
1.188
0.826
1.51
0.906
1.066
0.919
1.235
0.767
1.241
0.75
1.417
0.746
1.219
0.769
1.445
0.746
1.291
0.761
1.374
0.755
1.153
0.757
1.433
0.757
1.602
0.766
1.309
0.743
1.244
0.743
1.488
0.763
1.177
0.745
1.387
0.758
1.386
0.748
1.278
0.75
1.316
0.75
1.15
0.755
1.371
0.766
1.165
0.74
1.364
0.751
1.314
0.743
1.712
0.756
1.31
0.751
1.33
0.753
1.435
0.748
1.351
0.767
1.496
0.778
1.228
0.767
1.234
0.757
1.101
0.903
0.941
1.22
0.905
1.064
0.993
1.214
1.047
0.997
1.331
0.804
1.159
0.756
1.434
0.76
1.349
0.993
1.045
1.028
1.134
0.855
1.231
1.009
1.098
0.849
1.068
1.053
0.93
1.207
0.885
1.153
0.915
1.178
0.937
0.926
1.107
1.031
0.972
0.947
1.364
0.749
1.183
0.872
1.724
0.743
1.314
0.751
1.327
0.752
1.436
0.745
1.356
0.748
1.515
0.751
1.254
0.747
1.329
0.751
1.525
0.753
1.191
0.753
1.196
0.757
1.335
0.755
1.31
0.759
1.564
0.769
1.174
0.769
1.544
0.763
1.154
0.764
1.256
0.754
1.368
0.762
1.185
0.791
1.17
0.756
1.316
0.752
1.252
0.752
1.297
0.747
1.461
0.756
1.415
0.755
1.369
0.746
1.541
0.76
1.476
0.763
1.574
0.761
1.325
0.759
1.238
0.751
1.431
0.749
1.211
0.765
1.303
0.753
1.361
0.754
1.387
0.753
1.351
0.757
1.519
0.751
1.188
0.759
1.194
0.762
1.329
0.753
1.312
0.754
1.57
0.75
1.191
0.798
1.516
0.763
1.154
0.77
1.252
0.772
1.351
0.761
1.186
0.761
1.201
0.755
1.316
0.785
1.221
0.75
1.296
0.748
1.462
0.759
1.41
0.757
1.366
0.762
1.528
0.756
1.479
0.763
1.574
0.759
1.328
0.754
1.241
0.751
1.43
0.75
1.208
0.754
1.319
0.749
1.361
0.758
1.386
0.752
1.171
0.747
1.294
0.748
1.252
0.747
1.524
0.754
1.582
0.76
1.327
0.761
1.449
0.752
1.372
0.749
1.45
0.75
1.373
0.755
1.302
0.755
1.429
0.767
1.211
0.752
1.176
0.749
1.538
0.748
1.305
0.755
1.347
0.745
1.199
0.76
1.095
0.753
1.372
0.748
1.282
0.755
1.26
0.757
1.195
0.754
1.403
0.743
1.182
0.756
1.129
0.742
1.378
0.749
1.227
0.777
1.315
0.75
1.678
0.767
1.171
0.746
1.295
0.747
1.253
0.747
1.524
0.752
1.585
0.763
1.323
0.758
1.454
0.748
1.373
0.75
1.427
0.793
1.353
0.756
1.305
0.753
1.429
0.756
1.221
0.752
1.177
0.747
1.54
0.746
1.307
0.755
1.345
0.747
1.198
0.748
1.113
0.748
1.372
0.749
1.288
0.747
1.263
0.752
1.207
0.746
1.4
0.748
1.188
0.747
1.109
0.763
1.377
0.747
1.258
0.749
1.314
0.751
1.696
0.75
1.535
0.748
1.309
0.736
1.605
0.75
1.37
0.745
1.393
0.748
1.319
0.747
1.233
0.746
1.638
0.748
1.344
0.756
1.068
0.751
1.691
0.749
1.201
0.802
1.281
0.753
1.183
0.767
1.479
0.76
1.262
0.754
1.331
0.749
1.312
0.75
1.272
0.781
1.163
0.752
1.308
0.758
1.397
0.747
1.302
0.75
1.226
0.748
1.385
0.749
1.334
0.752
1.379
0.746
1.441
0.75
1.487
0.753
1.35
0.756
1.534
0.747
1.301
0.745
1.607
0.747
1.369
0.748
1.392
0.747
1.322
0.749
1.231
0.75
1.633
0.749
1.343
0.757
1.068
0.758
1.675
0.761
1.198
0.802
1.282
0.763
1.171
0.781
1.469
0.759
1.262
0.763
1.321
0.747
1.313
0.75
1.273
0.756
1.186
0.753
1.307
0.75
1.404
0.75
1.299
0.749
1.227
0.755
1.379
0.751
1.334
0.751
1.376
0.749
1.439
0.751
1.488
0.751
1.353
0.754
1.44
0.75
1.29
0.752
1.317
0.749
1.143
0.748
1.525
0.75
1.112
0.748
1.197
0.746
1.223
0.732
1.296
0.749
2.01
0.748
1.622
0.751
1.324
0.744
1.392
0.749
1.265
0.744
1.444
0.747
1.106
0.75
1.295
0.746
1.268
0.751
1.589
0.747
1.428
0.749
1.402
0.752
1.517
0.751
1.614
0.744
1.394
0.751
1.634
0.749
1.422
0.759
1.378
0.748
1.673
0.726
1.035
0.752
1.425
0.761
1.438
0.751
1.293
0.749
1.319
0.748
1.141
0.75
1.525
0.746
1.115
0.749
1.192
0.75
1.208
0.749
1.239
0.798
2.017
0.748
1.627
0.776
1.291
0.748
1.39
0.748
1.262
0.747
1.443
0.747
1.108
0.752
1.287
0.748
1.272
0.747
1.592
0.747
1.428
0.751
1.401
0.751
1.517
0.752
1.603
0.754
1.393
0.754
1.632
0.752
1.419
0.76
1.376
0.749
1.65
0.748
1.037
0.749
1.427
0.759
1.158
0.764
1.11
0.774
1.252
0.753
1.783
0.756
1.385
0.756
1.53
0.757
1.419
0.758
1.311
0.747
1.22
0.751
1.447
0.77
1.337
0.751
1.273
0.751
1.243
0.75
1.208
0.751
1.321
0.747
1.319
0.763
1.369
0.754
1.292
0.769
1.198
0.765
1.184
0.753
1.314
0.756
1.303
0.77
1.402
0.748
1.482
0.747
1.157
0.746
1.852
0.755
1.493
0.747
1.4
0.747
1.517
0.785
1.225
0.752
1.17
0.751
1.131
0.758
1.249
0.753
1.781
0.755
1.387
0.75
1.535
0.755
1.42
0.756
1.311
0.746
1.221
0.751
1.447
0.758
1.353
0.747
1.284
0.741
1.239
0.754
1.207
0.748
1.321
0.75
1.322
0.763
1.365
0.753
1.297
0.743
1.22
0.763
1.184
0.754
1.313
0.755
1.304
0.751
1.42
0.748
1.481
0.749
1.156
0.747
1.854
0.753
1.492
0.747
1.4
0.747
1.527
0.752
1.246
0.753
1.128
0.75
1.256
0.758
1.216
0.746
1.338
0.761
1.37
0.76
1.613
0.751
1.342
0.74
1.391
0.751
1.827
0.749
1.142
0.757
1.315
0.754
1.415
0.755
1.602
0.751
1.273
0.749
1.22
0.751
1.159
0.745
1.139
0.751
1.194
0.746
1.373
0.75
1.401
0.753
1.29
0.748
1.463
0.759
1.493
0.754
1.147
0.759
1.131
0.755
1.288
0.758
1.197
0.748
1.237
0.752
1.605
0.751
1.537
0.75
1.13
0.749
1.256
0.752
1.221
0.759
1.331
0.756
1.373
0.756
1.615
0.748
1.336
0.746
1.388
0.754
1.829
0.748
1.143
0.755
1.316
0.754
1.415
0.756
1.608
0.747
1.248
0.775
1.192
0.777
1.157
0.756
1.135
0.761
1.178
0.748
1.375
0.746
1.404
0.752
1.288
0.747
1.466
0.754
1.497
0.752
1.151
0.758
1.13
0.758
1.286
0.76
1.195
0.746
1.239
0.752
1.608
0.747
1.539
0.747
1.293
0.748
1.241
0.759
1.147
0.745
1.259
0.748
1.412
0.747
1.219
0.747
1.24
0.746
1.506
0.756
1.3
0.758
1.533
0.75
1.126
0.766
1.384
0.748
1.441
0.746
1.37
0.751
1.709
0.761
1.471
0.746
1.426
0.753
1.171
0.763
1.374
0.749
1.247
0.767
1.263
0.76
1.071
0.752
1.47
0.775
1.286
0.756
1.403
0.762
1.455
0.758
1.426
0.775
1.261
0.754
1.255
0.757
1.371
0.758
1.291
0.75
1.242
0.754
1.152
0.745
1.264
0.744
1.413
0.747
1.217
0.748
1.239
0.749
1.505
0.756
1.299
0.758
1.533
0.75
1.137
0.754
1.389
0.745
1.443
0.745
1.367
0.756
1.707
0.759
1.472
0.749
1.424
0.761
1.166
0.777
1.351
0.752
1.252
0.77
1.264
0.758
1.071
0.75
1.47
0.774
1.284
0.762
1.399
0.765
1.473
0.738
1.444
0.76
1.26
0.754
1.253
0.757
1.37
0.783
1.25
0.752
1.143
0.756
1.136
0.751
1.296
0.769
1.535
0.789
1.278
0.763
1.251
0.755
1.255
0.779
1.316
0.759
1.539
0.754
1.204
0.754
1.53
0.759
1.536
0.729
1.137
0.761
1.543
0.751
1.42
0.751
1.397
0.754
1.762
0.749
1.249
0.76
1.497
0.756
1.582
0.755
1.41
0.764
1.456
0.763
1.298
0.756
1.503
0.766
1.41
0.76
1.553
0.763
1.588
0.754
1.413
0.761
1.532
0.761
1.271
0.754
1.142
0.757
1.139
0.747
1.296
0.788
1.515
0.744
1.325
0.772
1.24
0.773
1.237
0.764
1.333
0.756
1.542
0.753
1.205
0.754
1.53
0.766
1.498
0.763
1.132
0.762
1.543
0.771
1.393
0.757
1.415
0.736
1.764
0.747
1.252
0.756
1.499
0.756
1.581
0.754
1.411
0.763
1.458
0.771
1.288
0.758
1.498
0.744
1.439
0.797
1.515
0.767
1.586
0.753
1.413
0.763
1.533
0.769
1.3
0.749
1.198
0.755
1.143
0.761
1.292
0.751
1.576
0.744
1.274
0.75
1.678
0.776
1.339
0.756
1.179
0.756
1.26
0.748
1.429
0.753
1.126
0.755
1.365
0.76
1.367
0.746
1.233
0.746
1.174
0.755
1.416
0.747
1.418
0.746
1.146
0.755
1.318
0.749
1.098
0.75
1.09
0.754
1.403
0.747
1.31
0.751
1.301
0.747
1.536
0.748
1.383
0.753
1.269
0.746
1.299
0.748
1.264
0.749
1.289
0.753
1.195
0.761
1.137
0.75
1.306
0.75
1.572
0.745
1.277
0.768
1.656
0.766
1.352
0.759
1.176
0.759
1.225
0.776
1.401
0.793
1.12
0.754
1.363
0.757
1.334
0.782
1.234
0.749
1.174
0.754
1.416
0.746
1.416
0.75
1.145
0.754
1.317
0.749
1.101
0.75
1.092
0.75
1.403
0.748
1.311
0.748
1.302
0.747
1.535
0.75
1.385
0.748
1.269
0.748
1.299
0.748
1.265
0.749
1.229
0.748
1.255
0.749
1.296
0.783
1.358
0.75
1.734
0.746
1.176
0.751
1.095
0.748
1.403
0.753
1.137
0.747
1.168
0.788
1.285
0.954
1.087
0.898
1.006
1.037
1.145
0.903
1.403
0.849
1.14
1.034
1.168
0.831
1.112
1.131
0.935
1.282
0.899
1.238
0.833
1.056
1.063
0.848
1.199
0.765
1.152
0.964
0.858
1.293
0.769
1.43
0.816
1.405
0.749
1.297
0.768
1.408
0.749
1.291
1.228
0.748
1.256
0.749
1.331
0.747
1.36
0.749
1.732
0.747
1.178
0.749
1.096
0.747
1.406
0.749
1.138
0.746
1.168
0.791
1.283
0.954
1.088
0.896
1.007
1.038
1.146
0.904
1.381
0.868
1.144
1.031
1.134
0.868
1.112
1.128
0.927
1.291
0.894
1.245
0.831
1.055
1.064
0.847
1.2
0.765
1.152
0.964
0.859
1.29
0.77
1.432
0.814
1.402
0.752
1.295
0.753
1.425
0.749
1.292
0.749
1.226
0.75
1.276
0.749
1.269
0.75
1.217
0.76
1.406
0.747
1.145
0.974
1.135
0.822
1.31
0.751
1.117
1.027
1.098
1.058
0.855
1.131
0.823
1.314
0.77
1.263
0.881
1.269
0.836
1.175
1.018
0.964
0.958
1.099
0.775
1.652
0.77
1.241
0.751
1.261
0.767
1.23
0.852
1.076
1.07
0.894
1.014
1.025
1.116
1.028
1.122
1.087
0.936
1.112
0.921
1.112
0.905
1.38
0.745
0.749
1.223
0.751
1.28
0.747
1.269
0.749
1.221
0.757
1.409
0.747
1.377
0.744
1.213
0.744
1.308
0.749
1.39
0.755
1.314
0.843
1.079
0.907
1.199
0.938
1.015
1.02
0.971
1.176
0.838
1.174
1.019
0.962
1.287
0.779
1.67
0.752
1.261
0.749
1.26
0.752
1.238
0.757
1.172
0.756
1.225
0.74
1.284
0.775
1.372
0.753
1.459
0.752
1.284
0.763
1.122
0.91
1.521
0.763
1.361
0.749
1.379
0.751
1.291
0.754
1.212
0.754
1.158
0.786
1.128
0.808
1.222
1.082
1.075
1.071
1.033
0.915
1.083
1.037
1.218
0.977
1.057
1.212
1.025
0.865
1.134
0.823
1.352
0.796
1.395
0.749
1.234
0.75
1.164
0.804
1.342
0.77
1.365
0.757
1.702
0.741
1.671
3.237
1.362
0.767
1.364
0.776
1.269
0.837
1.131
0.935
1.009
0.936
0.999
1.088
0.89
1.402
0.736
1.366
0.748
1.252
0.78
1.474
0.746
1.288
0.765
1.471
0.743
1.256
0.759
1.417
0.796
1.393
0.751
1.233
0.75
1.164
0.736
1.374
0.77
1.305
0.846
1.158
1.293
0.756
4.151
